100
4 2
5 2
6 2
1000 1000
1000 1
999 998
500 114
500 1
4 1
500 128
672 615
999 487
1000 498
3 2
402 344
500 117
626 512
999 499
375 301
999 1
904 800
1000 256
1000 511
999 255
999 256
1000 500
2 1
383 361
500 116
999 497
999 127
769 701
999 511
500 238
296 277
1000 128
385 357
732 600
253 224
999 457
714 663
500 253
500 499
2 2
805 755
500 245
1000 488
642 556
1000 502
684 627
500 127
999 999
999 128
3 1
500 255
938 759
500 248
1000 255
500 2
999 2
675 576
1 1
790 628
516 461
500 244
999 512
837 770
990 952
812 665
999 488
338 279
550 484
273 231
500 249
1000 512
1000 499
948 818
1000 127
869 726
1000 489
1000 2
784 596
1000 999
500 256
861 852
578 533
999 509
5 1
730 667
973 776
618 473
743 615
280 249
662 639
912 806
999 498
500 500
1000 368
838 663
500 250
